18 3
17 13
13 3
3 18
18 20
12 16
15 20
6 13
11 7
13 19
6 15
18 14
7 14
2 12
7 15
5 17
8 6
11 4
12 13
1 11
1 11
11 7
13 18
3 5
19 9
18 5
6 5
9 10
12 14
15 13
13 1
10 19
3 7
2 11
6 11
15 11
1 4
19 20
8 7
12 16
14 18
14 15
19 11
14 2
16 16
17 10
7 4
2 4
19 18
13 15
7 5
18 1
17 12
9 16
15 14
11 13
6 14
13 18
7 5
2 17
20 15
12 18
6 8
11 16
5 3
16 5
17 18
6 7
16 18
9 16
8 10
20 17
19 11
12 16
11 13
1 7
19 9
1 19
12 15
20 18
17 14
16 3
11 12
17 17
15 3
15 12
7 3
8 15
10 19
8 9
6 20
6 13
7 15
11 4
4 18
4 5
1 18
17 1
15 17
3 14
